0,667
19,10
19,9
19,8
19,7
19,6
19,5
20,5
21,7
21,6
19,2
19,1
16,8
14,10
14,2
13,130
21,2
21,1
13,129
21,5
15,2
17,2
18,2
13,128
13,76
13,74
13,73
13,69
13,68
13,66
13,64
13,30
13,63
13,61
13,59
13,58
13,57
13,56
13,54
13,51
13,55
13,50
13,46
13,45
13,44
13,43
13,47
13,41
13,39
13,52
13,24
13,37
13,34
13,32
13,31
13,42
13,29
13,28
13,53
13,18
13,26
13,22
13,48
13,19
13,67
13,71
13,17
13,16
13,12
13,11
13,2
16,7
16,1
16,6
12,6
12,5
16,2
12,2
12,1
11,6
11,5
16,5
11,2
11,1
13,21
13,9
13,10
13,25
10,39
10,37
10,35
10,33
10,31
10,29
13,35
13,8
10,25
13,62
10,23
10,20
10,19
14,8
14,9
14,5
13,7
13,60
13,1
10,15
10,13
10,2
8,7
14,7
14,1
13,75
8,6
8,5
8,2
13,5
14,6
8,1
28,10
6,6
6,5
28,9
28,8
10,11
13,6
18,5
6,2
6,1
5,6
5,5
15,8
15,9
15,5
10,38
10,5
10,10
10,9
10,8
18,7
28,7
18,1
5,2
5,1
10,7
10,1
28,5
2,5
28,1
15,7
15,1
18,6
96,1
10,6
17,5
17,8
2,2
2,1
